#         t          x          y          z         vx         vy         vz
      0.000    -98.530   -120.010   -127.760    -28.404    173.770     93.452
      0.010    -97.265   -119.800   -125.469    281.435   -131.814    364.737
      0.020    -92.844   -122.703   -120.415    602.716   -448.683    645.982
      0.030    -85.126   -128.856   -112.476    940.802   -782.074    941.886
      0.040    -73.929   -138.441   -101.491   1298.707  -1134.912   1255.089
      0.050    -59.070   -151.635    -87.303   1673.046  -1503.850   1582.621
      0.060    -40.462   -168.524    -69.834   2048.510  -1873.880   1911.065
      0.070    -18.237   -188.979    -49.201   2396.668  -2217.176   2215.519
      0.080      7.186   -212.588    -25.774   2687.800  -2504.614   2469.979
      0.090     35.169   -238.727     -0.109   2908.747  -2723.182   2662.973
      0.100     65.043   -266.739     27.206   3066.066  -2879.191   2799.977
      0.110     96.249   -296.073     55.680   3175.146  -2987.628   2894.915
      0.120    128.378   -326.326     84.958   3250.763  -3062.953   2960.694
      0.130    161.152   -357.221    114.796   3303.928  -3116.002   3006.923
      0.140    194.382   -388.571    145.031   3342.073  -3154.117   3040.077
      0.150    227.942   -420.252    175.554   3370.047  -3182.102   3064.382
      0.160    261.748   -452.178    206.288   3391.004  -3203.088   3082.584
      0.170    295.738   -484.290    237.184   3407.018  -3219.139   3096.489
      0.180    329.870   -516.543    268.203   3419.478  -3231.638   3107.305
      0.190    364.114   -548.909    299.319   3429.332  -3241.530   3115.857
      0.200    398.447   -581.364    330.511   3437.240  -3249.473   3122.717
      0.210    432.852   -613.891    361.766   3443.669  -3255.934   3128.292
      0.220    467.315   -646.477    393.072   3448.958  -3261.253   3132.878
      0.230    501.826   -679.112    424.420   3453.354  -3265.677   3136.689
      0.240    536.378   -711.787    455.803   3457.044  -3269.392   3139.887
      0.250    570.964   -744.497    487.215   3460.169  -3272.539   3142.593
      0.260    605.579   -777.236    518.653   3462.834  -3275.225   3144.902
      0.270    640.219   -809.999    550.112   3465.125  -3277.535   3146.886
      0.280    674.880   -842.785    581.589   3467.107  -3279.533   3148.601
      0.290    709.560   -875.589    613.083   3468.832  -3281.274   3150.094
      0.300    744.256   -908.409    644.590   3470.341  -3282.797   3151.400
      0.310    778.966   -941.244    676.110   3471.668  -3284.138   3152.548
      0.320    813.688   -974.091    707.640   3472.841  -3285.323   3153.562
      0.330    848.422  -1006.950    739.181   3473.882  -3286.375   3154.462
      0.340    883.166  -1039.818    770.729   3474.810  -3287.314   3155.264
      0.350    917.918  -1072.695    802.285   3475.640  -3288.153   3155.981
      0.360    952.678  -1105.581    833.848   3476.385  -3288.907   3156.625
      0.370    987.445  -1138.473    865.418   3477.056  -3289.587   3157.204
      0.380   1022.219  -1171.372    896.992   3477.663  -3290.201   3157.728
      0.390   1056.998  -1204.277    928.572   3478.212  -3290.758   3158.202
      0.400   1091.783  -1237.187    960.156   3478.711  -3291.264   3158.633
      0.410   1126.572  -1270.102    991.744   3479.166  -3291.725   3159.025
      0.420   1161.366  -1303.021   1023.336   3479.582  -3292.147   3159.383
      0.430   1196.164  -1335.945   1054.932   3479.962  -3292.533   3159.711
      0.440   1230.965  -1368.872   1086.531   3480.310  -3292.887   3160.011
      0.450   1265.770  -1401.802   1118.132   3480.631  -3293.212   3160.288
      0.460   1300.577  -1434.736   1149.736   3480.926  -3293.512   3160.542
      0.470   1335.388  -1467.673   1181.343   3481.199  -3293.789   3160.776
      0.480   1370.201  -1500.612   1212.952   3481.451  -3294.046   3160.993
      0.490   1405.017  -1533.553   1244.563   3481.684  -3294.283   3161.194
      0.500   1439.835  -1566.497   1276.175   3481.900  -3294.503   3161.380
      0.510   1474.655  -1599.443   1307.790   3482.101  -3294.708   3161.553
      0.520   1509.477  -1632.391   1339.406   3482.288  -3294.898   3161.713
      0.530   1544.301  -1665.341   1371.024   3482.462  -3295.076   3161.863
      0.540   1579.126  -1698.293   1402.644   3482.624  -3295.241   3162.003
      0.550   1613.953  -1731.246   1434.264   3482.776  -3295.396   3162.133
      0.560   1648.781  -1764.201   1465.886   3482.918  -3295.541   3162.255
      0.570   1683.611  -1797.157   1497.509   3483.051  -3295.677   3162.369
      0.580   1718.442  -1830.114   1529.134   3483.175  -3295.804   3162.475
      0.590   1753.275  -1863.073   1560.759   3483.292  -3295.923   3162.576
      0.600   1788.108  -1896.033   1592.385   3483.402  -3296.035   3162.670
      0.610   1822.943  -1928.993   1624.012   3483.505  -3296.141   3162.758
      0.620   1857.778  -1961.955   1655.640   3483.602  -3296.240   3162.841
      0.630   1892.615  -1994.918   1687.269   3483.694  -3296.334   3162.920
      0.640   1927.452  -2027.882   1718.899   3483.780  -3296.423   3162.994
      0.650   1962.290  -2060.847   1750.529   3483.861  -3296.506   3163.063
      0.660   1997.129  -2093.812   1782.160   3483.938  -3296.585   3163.129
      0.670   2031.969  -2126.778   1813.791   3484.011  -3296.660   3163.191
      0.680   2066.810  -2159.745   1845.424   3484.080  -3296.730   3163.250
      0.690   2101.651  -2192.713   1877.056   3484.145  -3296.797   3163.306
      0.700   2136.492  -2225.681   1908.690   3484.207  -3296.860   3163.358
      0.710   2171.335  -2258.650   1940.324   3484.265  -3296.921   3163.408
      0.720   2206.178  -2291.620   1971.958   3484.321  -3296.978   3163.456
      0.730   2241.021  -2324.590   2003.593   3484.373  -3297.032   3163.501
      0.740   2275.865  -2357.560   2035.228   3484.423  -3297.083   3163.543
      0.750   2310.710  -2390.531   2066.863   3484.471  -3297.133   3163.584
      0.760   2345.555  -2423.503   2098.500   3484.516  -3297.179   3163.622
      0.770   2380.400  -2456.475   2130.136   3484.559  -3297.224   3163.659
      0.780   2415.246  -2489.447   2161.773   3484.600  -3297.266   3163.694
      0.790   2450.092  -2522.420   2193.410   3484.639  -3297.306   3163.727
      0.800   2484.939  -2555.393   2225.047   3484.677  -3297.345   3163.759
      0.810   2519.786  -2588.367   2256.685   3484.712  -3297.382   3163.789
      0.820   2554.633  -2621.341   2288.323   3484.746  -3297.417   3163.818
      0.830   2589.480  -2654.315   2319.961   3484.778  -3297.450   3163.845
      0.840   2624.328  -2687.290   2351.600   3484.809  -3297.482   3163.872
      0.850   2659.177  -2720.265   2383.239   3484.839  -3297.513   3163.897
      0.860   2694.025  -2753.240   2414.878   3484.867  -3297.542   3163.921
      0.870   2728.874  -2786.216   2446.517   3484.894  -3297.570   3163.944
      0.880   2763.723  -2819.192   2478.157   3484.920  -3297.597   3163.965
      0.890   2798.572  -2852.168   2509.796   3484.945  -3297.623   3163.986
      0.900   2833.422  -2885.144   2541.436   3484.968  -3297.647   3164.006
      0.910   2868.272  -2918.121   2573.077   3484.991  -3297.671   3164.026
      0.920   2903.122  -2951.098   2604.717   3485.013  -3297.693   3164.044
      0.930   2937.972  -2984.075   2636.357   3485.034  -3297.715   3164.062
      0.940   2972.822  -3017.052   2667.998   3485.054  -3297.736   3164.078
      0.950   3007.673  -3050.029   2699.639   3485.073  -3297.756   3164.095
      0.960   3042.524  -3083.007   2731.280   3485.091  -3297.775   3164.110
      0.970   3077.375  -3115.985   2762.921   3485.109  -3297.794   3164.125
      0.980   3112.226  -3148.963   2794.563   3485.126  -3297.811   3164.139
      0.990   3147.077  -3181.941   2826.204   3485.142  -3297.828   3164.153
      1.000   3181.929  -3214.919   2857.846   3485.158  -3297.845   3164.166
      1.010   3216.781  -3247.898   2889.487   3485.173  -3297.860   3164.179
      1.020   3251.632  -3280.877   2921.129   3485.187  -3297.876   3164.191
      1.030   3286.484  -3313.855   2952.771   3485.201  -3297.890   3164.203
      1.040   3321.336  -3346.834   2984.413   3485.214  -3297.904   3164.214
      1.050   3356.189  -3379.814   3016.055   3485.227  -3297.918   3164.225
      1.060   3391.041  -3412.793   3047.698   3485.240  -3297.931   3164.235
      1.070   3425.893  -3445.772   3079.340   3485.251  -3297.943   3164.245
      1.080   3460.746  -3478.752   3110.983   3485.263  -3297.955   3164.254
      1.090   3495.599  -3511.731   3142.625   3485.274  -3297.967   3164.264
      1.100   3530.451  -3544.711   3174.268   3485.285  -3297.978   3164.273
      1.110   3565.304  -3577.691   3205.911   3485.295  -3297.989   3164.281
      1.120   3600.157  -3610.671   3237.554   3485.305  -3297.999   3164.289
      1.130   3635.010  -3643.651   3269.196   3485.314  -3298.009   3164.297
      1.140   3669.864  -3676.631   3300.839   3485.323  -3298.019   3164.305
      1.150   3704.717  -3709.611   3332.483   3485.332  -3298.029   3164.312
      1.160   3739.570  -3742.592   3364.126   3485.341  -3298.038   3164.319
      1.170   3774.424  -3775.572   3395.769   3485.349  -3298.046   3164.326
      1.180   3809.277  -3808.552   3427.412   3485.357  -3298.055   3164.333
      1.190   3844.131  -3841.533   3459.056   3485.364  -3298.063   3164.339
      1.200   3878.984  -3874.514   3490.699   3485.372  -3298.071   3164.345
      1.210   3913.838  -3907.494   3522.342   3485.379  -3298.078   3164.351
      1.220   3948.692  -3940.475   3553.986   3485.386  -3298.086   3164.357
      1.230   3983.546  -3973.456   3585.630   3485.392  -3298.093   3164.362
      1.240   4018.400  -4006.437   3617.273   3485.399  -3298.100   3164.367
      1.250   4053.254  -4039.418   3648.917   3485.405  -3298.106   3164.373
      1.260   4088.108  -4072.399   3680.561   3485.411  -3298.113   3164.377
      1.270   4122.962  -4105.380   3712.204   3485.417  -3298.119   3164.382
      1.280   4157.816  -4138.362   3743.848   3485.422  -3298.125   3164.387
      1.290   4192.671  -4171.343   3775.492   3485.428  -3298.131   3164.391
      1.300   4227.525  -4204.324   3807.136   3485.433  -3298.136   3164.395
      1.310   4262.379  -4237.306   3838.780   3485.438  -3298.142   3164.400
      1.320   4297.234  -4270.287   3870.424   3485.443  -3298.147   3164.404
      1.330   4332.088  -4303.269   3902.068   3485.447  -3298.152   3164.407
      1.340   4366.943  -4336.250   3933.712   3485.452  -3298.157   3164.411
      1.350   4401.797  -4369.232   3965.356   3485.456  -3298.161   3164.415
      1.360   4436.652  -4402.213   3997.001   3485.460  -3298.166   3164.418
      1.370   4471.506  -4435.195   4028.645   3485.465  -3298.171   3164.421
      1.380   4506.361  -4468.177   4060.289   3485.468  -3298.175   3164.425
      1.390   4541.216  -4501.159   4091.933   3485.472  -3298.179   3164.428
      1.400   4576.070  -4534.140   4123.578   3485.476  -3298.183   3164.431
      1.410   4610.925  -4567.122   4155.222   3485.480  -3298.187   3164.434
      1.420   4645.780  -4600.104   4186.866   3485.483  -3298.191   3164.436
      1.430   4680.635  -4633.086   4218.511   3485.486  -3298.194   3164.439
      1.440   4715.490  -4666.068   4250.155   3485.490  -3298.198   3164.442
      1.450   4750.345  -4699.050   4281.799   3485.493  -3298.201   3164.444
      1.460   4785.200  -4732.032   4313.444   3485.496  -3298.205   3164.447
      1.470   4820.055  -4765.014   4345.088   3485.499  -3298.208   3164.449
      1.480   4854.910  -4797.996   4376.733   3485.501  -3298.211   3164.451
      1.490   4889.765  -4830.978   4408.377   3485.504  -3298.214   3164.453
      1.500   4924.620  -4863.960   4440.022   3485.507  -3298.217   3164.455
      1.510   4959.475  -4896.943   4471.667   3485.509  -3298.220   3164.458
      1.520   4994.330  -4929.925   4503.311   3485.512  -3298.223   3164.459
      1.530   5029.185  -4962.907   4534.956   3485.514  -3298.225   3164.461
      1.540   5064.040  -4995.889   4566.600   3485.516  -3298.228   3164.463
      1.550   5098.895  -5028.872   4598.245   3485.519  -3298.230   3164.465
      1.560   5133.750  -5061.854   4629.890   3485.521  -3298.233   3164.467
      1.570   5168.606  -5094.836   4661.534   3485.523  -3298.235   3164.468
      1.580   5203.461  -5127.819   4693.179   3485.525  -3298.237   3164.470
      1.590   5238.316  -5160.801   4724.824   3485.527  -3298.240   3164.471
      1.600   5273.171  -5193.783   4756.468   3485.529  -3298.242   3164.473
      1.610   5308.027  -5226.766   4788.113   3485.530  -3298.244   3164.474
      1.620   5342.882  -5259.748   4819.758   3485.532  -3298.246   3164.476
      1.630   5377.737  -5292.731   4851.403   3485.534  -3298.248   3164.477
      1.640   5412.593  -5325.713   4883.047   3485.536  -3298.250   3164.478
      1.650   5447.448  -5358.696   4914.692   3485.537  -3298.251   3164.479
      1.660   5482.303  -5391.678   4946.337   3485.539  -3298.253   3164.481
      1.670   5517.159  -5424.661   4977.982   3485.540  -3298.255   3164.482
      1.680   5552.014  -5457.643   5009.627   3485.542  -3298.256   3164.483
      1.690   5586.870  -5490.626   5041.272   3485.543  -3298.258   3164.484
      1.700   5621.725  -5523.609   5072.916   3485.544  -3298.260   3164.485
      1.710   5656.581  -5556.591   5104.561   3485.546  -3298.261   3164.486
      1.720   5691.436  -5589.574   5136.206   3485.547  -3298.263   3164.487
      1.730   5726.292  -5622.556   5167.851   3485.548  -3298.264   3164.488
      1.740   5761.147  -5655.539   5199.496   3485.549  -3298.265   3164.489
      1.750   5796.003  -5688.522   5231.141   3485.550  -3298.267   3164.489
      1.760   5830.858  -5721.504   5262.786   3485.551  -3298.268   3164.490
      1.770   5865.714  -5754.487   5294.431   3485.552  -3298.269   3164.491
      1.780   5900.569  -5787.470   5326.075   3485.553  -3298.270   3164.492
      1.790   5935.425  -5820.452   5357.720   3485.554  -3298.272   3164.492
      1.800   5970.280  -5853.435   5389.365   3485.555  -3298.273   3164.493
      1.810   6005.136  -5886.418   5421.010   3485.556  -3298.274   3164.494
      1.820   6039.991  -5919.401   5452.655   3485.557  -3298.275   3164.494
      1.830   6074.847  -5952.383   5484.300   3485.558  -3298.276   3164.495
      1.840   6109.702  -5985.366   5515.945   3485.558  -3298.277   3164.495
      1.850   6144.558  -6018.349   5547.590   3485.559  -3298.278   3164.496
      1.860   6179.414  -6051.332   5579.235   3485.560  -3298.279   3164.496
      1.870   6214.269  -6084.314   5610.880   3485.561  -3298.279   3164.497
      1.880   6249.125  -6117.297   5642.525   3485.561  -3298.280   3164.497
      1.890   6283.980  -6150.280   5674.170   3485.562  -3298.281   3164.498
      1.900   6318.836  -6183.263   5705.815   3485.563  -3298.282   3164.498
      1.910   6353.692  -6216.246   5737.460   3485.563  -3298.283   3164.499
      1.920   6388.547  -6249.229   5769.105   3485.564  -3298.283   3164.499
      1.930   6423.403  -6282.211   5800.750   3485.564  -3298.284   3164.499
      1.940   6458.259  -6315.194   5832.395   3485.565  -3298.285   3164.500
      1.950   6493.114  -6348.177   5864.040   3485.565  -3298.285   3164.500
      1.960   6527.970  -6381.160   5895.685   3485.566  -3298.286   3164.500
      1.970   6562.826  -6414.143   5927.330   3485.566  -3298.287   3164.501
      1.980   6597.681  -6447.126   5958.975   3485.567  -3298.287   3164.501
      1.990   6632.537  -6480.109   5990.620   3485.567  -3298.288   3164.501
      2.000   6667.393  -6513.091   6022.265   3485.567  -3298.288   3164.501
      2.010   6702.248  -6546.074   6053.910   3485.568  -3298.289   3164.502
      2.020   6737.104  -6579.057   6085.555   3485.568  -3298.289   3164.502
      2.030   6771.960  -6612.040   6117.200   3485.568  -3298.290   3164.502
      2.040   6806.815  -6645.023   6148.845   3485.569  -3298.290   3164.502
      2.050   6841.671  -6678.006   6180.490   3485.569  -3298.291   3164.502
      2.060   6876.527  -6710.989   6212.135   3485.569  -3298.291   3164.502
      2.070   6911.382  -6743.972   6243.780   3485.570  -3298.292   3164.503
      2.080   6946.238  -6776.955   6275.425   3485.570  -3298.292   3164.503
      2.090   6981.094  -6809.938   6307.070   3485.570  -3298.292   3164.503
      2.100   7015.949  -6842.921   6338.715   3485.570  -3298.293   3164.503
      2.110   7050.805  -6875.903   6370.360   3485.570  -3298.293   3164.503
      2.120   7085.661  -6908.886   6402.005   3485.571  -3298.293   3164.503
      2.130   7120.517  -6941.869   6433.650   3485.571  -3298.294   3164.503
      2.140   7155.372  -6974.852   6465.295   3485.571  -3298.294   3164.503
      2.150   7190.228  -7007.835   6496.940   3485.571  -3298.294   3164.503
      2.160   7225.084  -7040.818   6528.585   3485.571  -3298.295   3164.503
      2.170   7259.939  -7073.801   6560.230   3485.571  -3298.295   3164.503
      2.180   7294.795  -7106.784   6591.875   3485.571  -3298.295   3164.503
      2.190   7329.651  -7139.767   6623.520   3485.572  -3298.295   3164.503
      2.200   7364.507  -7172.750   6655.165   3485.572  -3298.295   3164.503
      2.210   7399.362  -7205.733   6686.810   3485.572  -3298.296   3164.503
      2.220   7434.218  -7238.716   6718.455   3485.572  -3298.296   3164.503
      2.230   7469.074  -7271.699   6750.100   3485.572  -3298.296   3164.503
      2.240   7503.929  -7304.682   6781.746   3485.572  -3298.296   3164.503
      2.250   7538.785  -7337.665   6813.391   3485.572  -3298.296   3164.503
      2.260   7573.641  -7370.648   6845.036   3485.572  -3298.297   3164.503
      2.270   7608.497  -7403.631   6876.681   3485.572  -3298.297   3164.503
      2.280   7643.352  -7436.614   6908.326   3485.572  -3298.297   3164.503
      2.290   7678.208  -7469.597   6939.971   3485.572  -3298.297   3164.503
      2.300   7713.064  -7502.580   6971.616   3485.572  -3298.297   3164.503
      2.310   7747.919  -7535.563   7003.261   3485.572  -3298.297   3164.503
      2.320   7782.775  -7568.546   7034.906   3485.572  -3298.297   3164.502
      2.330   7817.631  -7601.528   7066.551   3485.572  -3298.297   3164.502
      2.340   7852.487  -7634.511   7098.196   3485.572  -3298.297   3164.502
      2.350   7887.342  -7667.494   7129.841   3485.572  -3298.297   3164.502
      2.360   7922.198  -7700.477   7161.486   3485.572  -3298.297   3164.502
      2.370   7957.054  -7733.460   7193.131   3485.572  -3298.297   3164.502
      2.380   7991.910  -7766.443   7224.776   3485.572  -3298.297   3164.502
      2.390   8026.765  -7799.426   7256.421   3485.571  -3298.297   3164.502
      2.400   8061.621  -7832.409   7288.066   3485.571  -3298.297   3164.501
      2.410   8096.477  -7865.392   7319.711   3485.571  -3298.297   3164.501
      2.420   8131.332  -7898.375   7351.356   3485.571  -3298.297   3164.501
      2.430   8166.188  -7931.358   7383.001   3485.571  -3298.297   3164.501
      2.440   8201.044  -7964.341   7414.646   3485.571  -3298.297   3164.501
      2.450   8235.899  -7997.324   7446.291   3485.571  -3298.297   3164.501
      2.460   8270.755  -8030.307   7477.936   3485.571  -3298.297   3164.500
      2.470   8305.611  -8063.290   7509.581   3485.571  -3298.297   3164.500
      2.480   8340.467  -8096.273   7541.226   3485.570  -3298.297   3164.500
      2.490   8375.322  -8129.256   7572.871   3485.570  -3298.297   3164.500
      2.500   8410.178  -8162.239   7604.516   3485.570  -3298.297   3164.500
      2.510   8445.034  -8195.222   7636.161   3485.570  -3298.297   3164.499
      2.520   8479.889  -8228.205   7667.806   3485.570  -3298.297   3164.499
      2.530   8514.745  -8261.188   7699.451   3485.570  -3298.297   3164.499
      2.540   8549.601  -8294.171   7731.096   3485.569  -3298.297   3164.499
      2.550   8584.457  -8327.154   7762.741   3485.569  -3298.297   3164.499
      2.560   8619.312  -8360.137   7794.386   3485.569  -3298.297   3164.498
      2.570   8654.168  -8393.120   7826.031   3485.569  -3298.297   3164.498
      2.580   8689.024  -8426.103   7857.676   3485.569  -3298.297   3164.498
      2.590   8723.879  -8459.086   7889.321   3485.569  -3298.297   3164.498
      2.600   8758.735  -8492.069   7920.966   3485.568  -3298.296   3164.498
      2.610   8793.591  -8525.052   7952.611   3485.568  -3298.296   3164.497
      2.620   8828.446  -8558.035   7984.256   3485.568  -3298.296   3164.497
      2.630   8863.302  -8591.018   8015.901   3485.568  -3298.296   3164.497
      2.640   8898.158  -8624.001   8047.546   3485.567  -3298.296   3164.497
      2.650   8933.013  -8656.984   8079.191   3485.567  -3298.296   3164.496
      2.660   8967.869  -8689.967   8110.836   3485.567  -3298.296   3164.496
      2.670   9002.725  -8722.949   8142.481   3485.567  -3298.296   3164.496
      2.680   9037.580  -8755.932   8174.126   3485.567  -3298.295   3164.496
      2.690   9072.436  -8788.915   8205.771   3485.566  -3298.295   3164.495
      2.700   9107.292  -8821.898   8237.415   3485.566  -3298.295   3164.495
      2.710   9142.147  -8854.881   8269.060   3485.566  -3298.295   3164.495
      2.720   9177.003  -8887.864   8300.705   3485.566  -3298.295   3164.495
      2.730   9211.859  -8920.847   8332.350   3485.565  -3298.295   3164.494
      2.740   9246.714  -8953.830   8363.995   3485.565  -3298.295   3164.494
      2.750   9281.570  -8986.813   8395.640   3485.565  -3298.294   3164.494
      2.760   9316.426  -9019.796   8427.285   3485.565  -3298.294   3164.494
      2.770   9351.281  -9052.779   8458.930   3485.565  -3298.294   3164.493
      2.780   9386.137  -9085.762   8490.575   3485.564  -3298.294   3164.493
      2.790   9420.993  -9118.745   8522.220   3485.564  -3298.294   3164.493
      2.800   9455.848  -9151.728   8553.865   3485.564  -3298.294   3164.492
      2.810   9490.704  -9184.711   8585.510   3485.564  -3298.293   3164.492
      2.820   9525.559  -9217.694   8617.155   3485.563  -3298.293   3164.492
      2.830   9560.415  -9250.677   8648.800   3485.563  -3298.293   3164.492
      2.840   9595.271  -9283.659   8680.445   3485.563  -3298.293   3164.491
      2.850   9630.126  -9316.642   8712.089   3485.562  -3298.293   3164.491
      2.860   9664.982  -9349.625   8743.734   3485.562  -3298.292   3164.491
      2.870   9699.838  -9382.608   8775.379   3485.562  -3298.292   3164.491
      2.880   9734.693  -9415.591   8807.024   3485.562  -3298.292   3164.490
      2.890   9769.549  -9448.574   8838.669   3485.561  -3298.292   3164.490
      2.900   9804.404  -9481.557   8870.314   3485.561  -3298.292   3164.490
      2.910   9839.260  -9514.540   8901.959   3485.561  -3298.291   3164.489
      2.920   9874.116  -9547.523   8933.604   3485.561  -3298.291   3164.489
      2.930   9908.971  -9580.506   8965.249   3485.560  -3298.291   3164.489
      2.940   9943.827  -9613.489   8996.894   3485.560  -3298.291   3164.489
      2.950   9978.682  -9646.472   9028.538   3485.560  -3298.291   3164.488
      2.960  10013.538  -9679.454   9060.183   3485.559  -3298.290   3164.488
      2.970  10048.394  -9712.437   9091.828   3485.559  -3298.290   3164.488
      2.980  10083.249  -9745.420   9123.473   3485.559  -3298.290   3164.487
      2.990  10118.105  -9778.403   9155.118   3485.559  -3298.290   3164.487
      3.000  10152.960  -9811.386   9186.763   3485.558  -3298.290   3164.487
      3.010  10187.816  -9844.369   9218.408   3485.558  -3298.289   3164.487
      3.020  10222.672  -9877.352   9250.053   3485.558  -3298.289   3164.486
      3.030  10257.527  -9910.335   9281.697   3485.558  -3298.289   3164.486
      3.040  10292.383  -9943.318   9313.342   3485.557  -3298.289   3164.486
      3.050  10327.238  -9976.301   9344.987   3485.557  -3298.288   3164.485
      3.060  10362.094 -10009.283   9376.632   3485.557  -3298.288   3164.485
      3.070  10396.949 -10042.266   9408.277   3485.556  -3298.288   3164.485
      3.080  10431.805 -10075.249   9439.922   3485.556  -3298.288   3164.485
      3.090  10466.661 -10108.232   9471.566   3485.556  -3298.288   3164.484
      3.100  10501.516 -10141.215   9503.211   3485.555  -3298.287   3164.484
      3.110  10536.372 -10174.198   9534.856   3485.555  -3298.287   3164.484
      3.120  10571.227 -10207.181   9566.501   3485.555  -3298.287   3164.483
      3.130  10606.083 -10240.164   9598.146   3485.555  -3298.287   3164.483
      3.140  10640.938 -10273.146   9629.791   3485.554  -3298.286   3164.483
      3.150  10675.794 -10306.129   9661.435   3485.554  -3298.286   3164.482
      3.160  10710.649 -10339.112   9693.080   3485.554  -3298.286   3164.482
      3.170  10745.505 -10372.095   9724.725   3485.553  -3298.286   3164.482
      3.180  10780.360 -10405.078   9756.370   3485.553  -3298.285   3164.482
      3.190  10815.216 -10438.061   9788.015   3485.553  -3298.285   3164.481
      3.200  10850.071 -10471.044   9819.660   3485.553  -3298.285   3164.481
      3.210  10884.927 -10504.026   9851.304   3485.552  -3298.285   3164.481
      3.220  10919.783 -10537.009   9882.949   3485.552  -3298.284   3164.480
      3.230  10954.638 -10569.992   9914.594   3485.552  -3298.284   3164.480
      3.240  10989.494 -10602.975   9946.239   3485.551  -3298.284   3164.480
      3.250  11024.349 -10635.958   9977.884   3485.551  -3298.284   3164.479
      3.260  11059.205 -10668.941  10009.528   3485.551  -3298.284   3164.479
      3.270  11094.060 -10701.923  10041.173   3485.550  -3298.283   3164.479
      3.280  11128.916 -10734.906  10072.818   3485.550  -3298.283   3164.479
      3.290  11163.771 -10767.889  10104.463   3485.550  -3298.283   3164.478
      3.300  11198.627 -10800.872  10136.108   3485.550  -3298.283   3164.478
      3.310  11233.482 -10833.855  10167.752   3485.549  -3298.282   3164.478
      3.320  11268.338 -10866.838  10199.397   3485.549  -3298.282   3164.477
      3.330  11303.193 -10899.820  10231.042   3485.549  -3298.282   3164.477
      3.340  11338.049 -10932.803  10262.687   3485.548  -3298.282   3164.477
      3.350  11372.904 -10965.786  10294.331   3485.548  -3298.281   3164.477
      3.360  11407.760 -10998.769  10325.976   3485.548  -3298.281   3164.476
      3.370  11442.615 -11031.752  10357.621   3485.547  -3298.281   3164.476
      3.380  11477.470 -11064.734  10389.266   3485.547  -3298.281   3164.476
      3.390  11512.326 -11097.717  10420.910   3485.547  -3298.280   3164.475
      3.400  11547.181 -11130.700  10452.555   3485.547  -3298.280   3164.475
      3.410  11582.037 -11163.683  10484.200   3485.546  -3298.280   3164.475
      3.420  11616.892 -11196.666  10515.845   3485.546  -3298.280   3164.474
      3.430  11651.748 -11229.648  10547.489   3485.546  -3298.279   3164.474
      3.440  11686.603 -11262.631  10579.134   3485.545  -3298.279   3164.474
      3.450  11721.459 -11295.614  10610.779   3485.545  -3298.279   3164.474
      3.460  11756.314 -11328.597  10642.424   3485.545  -3298.279   3164.473
      3.470  11791.170 -11361.580  10674.068   3485.544  -3298.278   3164.473
      3.480  11826.025 -11394.562  10705.713   3485.544  -3298.278   3164.473
      3.490  11860.880 -11427.545  10737.358   3485.544  -3298.278   3164.472
      3.500  11895.736 -11460.528  10769.003   3485.544  -3298.278   3164.472
      3.510  11930.591 -11493.511  10800.647   3485.543  -3298.277   3164.472
      3.520  11965.447 -11526.493  10832.292   3485.543  -3298.277   3164.472
      3.530  12000.302 -11559.476  10863.937   3485.543  -3298.277   3164.471
      3.540  12035.158 -11592.459  10895.581   3485.542  -3298.277   3164.471
      3.550  12070.013 -11625.442  10927.226   3485.542  -3298.276   3164.471
      3.560  12104.868 -11658.425  10958.871   3485.542  -3298.276   3164.470
      3.570  12139.724 -11691.407  10990.516   3485.542  -3298.276   3164.470
      3.580  12174.579 -11724.390  11022.160   3485.541  -3298.276   3164.470
      3.590  12209.435 -11757.373  11053.805   3485.541  -3298.275   3164.469
      3.600  12244.290 -11790.356  11085.450   3485.541  -3298.275   3164.469
      3.610  12279.146 -11823.338  11117.094   3485.540  -3298.275   3164.469
      3.620  12314.001 -11856.321  11148.739   3485.540  -3298.275   3164.469
      3.630  12348.856 -11889.304  11180.384   3485.540  -3298.274   3164.468
      3.640  12383.712 -11922.287  11212.028   3485.539  -3298.274   3164.468
      3.650  12418.567 -11955.269  11243.673   3485.539  -3298.274   3164.468
      3.660  12453.423 -11988.252  11275.318   3485.539  -3298.274   3164.467
      3.670  12488.278 -12021.235  11306.962   3485.539  -3298.273   3164.467
      3.680  12523.133 -12054.217  11338.607   3485.538  -3298.273   3164.467
      3.690  12557.989 -12087.200  11370.252   3485.538  -3298.273   3164.467
      3.700  12592.844 -12120.183  11401.896   3485.538  -3298.273   3164.466
      3.710  12627.699 -12153.166  11433.541   3485.537  -3298.272   3164.466
      3.720  12662.555 -12186.148  11465.186   3485.537  -3298.272   3164.466
      3.730  12697.410 -12219.131  11496.830   3485.537  -3298.272   3164.465
      3.740  12732.266 -12252.114  11528.475   3485.537  -3298.272   3164.465
      3.750  12767.121 -12285.097  11560.120   3485.536  -3298.271   3164.465
      3.760  12801.976 -12318.079  11591.764   3485.536  -3298.271   3164.465
      3.770  12836.832 -12351.062  11623.409   3485.536  -3298.271   3164.464
      3.780  12871.687 -12384.045  11655.054   3485.535  -3298.271   3164.464
      3.790  12906.542 -12417.027  11686.698   3485.535  -3298.270   3164.464
      3.800  12941.398 -12450.010  11718.343   3485.535  -3298.270   3164.464
      3.810  12976.253 -12482.993  11749.987   3485.534  -3298.270   3164.463
      3.820  13011.108 -12515.975  11781.632   3485.534  -3298.270   3164.463
      3.830  13045.964 -12548.958  11813.277   3485.534  -3298.269   3164.463
      3.840  13080.819 -12581.941  11844.921   3485.534  -3298.269   3164.462
      3.850  13115.674 -12614.924  11876.566   3485.533  -3298.269   3164.462
      3.860  13150.530 -12647.906  11908.211   3485.533  -3298.269   3164.462
      3.870  13185.385 -12680.889  11939.855   3485.533  -3298.268   3164.462
      3.880  13220.240 -12713.872  11971.500   3485.532  -3298.268   3164.461
      3.890  13255.096 -12746.854  12003.144   3485.532  -3298.268   3164.461
      3.900  13289.951 -12779.837  12034.789   3485.532  -3298.268   3164.461
      3.910  13324.806 -12812.820  12066.434   3485.532  -3298.267   3164.461
      3.920  13359.662 -12845.802  12098.078   3485.531  -3298.267   3164.460
      3.930  13394.517 -12878.785  12129.723   3485.531  -3298.267   3164.460
      3.940  13429.372 -12911.768  12161.367   3485.531  -3298.267   3164.460
      3.950  13464.228 -12944.750  12193.012   3485.530  -3298.266   3164.459
      3.960  13499.083 -12977.733  12224.657   3485.530  -3298.266   3164.459
      3.970  13533.938 -13010.716  12256.301   3485.530  -3298.266   3164.459
      3.980  13568.793 -13043.698  12287.946   3485.530  -3298.266   3164.459
      3.990  13603.649 -13076.681  12319.590   3485.529  -3298.265   3164.458
      4.000  13638.504 -13109.664  12351.235   3485.529  -3298.265   3164.458
      4.010  13673.359 -13142.646  12382.880   3485.529  -3298.265   3164.458
      4.020  13708.215 -13175.629  12414.524   3485.529  -3298.265   3164.458
      4.030  13743.070 -13208.612  12446.169   3485.528  -3298.264   3164.457
      4.040  13777.925 -13241.594  12477.813   3485.528  -3298.264   3164.457
      4.050  13812.780 -13274.577  12509.458   3485.528  -3298.264   3164.457
      4.060  13847.636 -13307.559  12541.102   3485.527  -3298.264   3164.456
      4.070  13882.491 -13340.542  12572.747   3485.527  -3298.263   3164.456
      4.080  13917.346 -13373.525  12604.392   3485.527  -3298.263   3164.456
      4.090  13952.202 -13406.507  12636.036   3485.527  -3298.263   3164.456
      4.100  13987.057 -13439.490  12667.681   3485.526  -3298.263   3164.455
      4.110  14021.912 -13472.473  12699.325   3485.526  -3298.262   3164.455
      4.120  14056.767 -13505.455  12730.970   3485.526  -3298.262   3164.455
      4.130  14091.623 -13538.438  12762.614   3485.525  -3298.262   3164.455
      4.140  14126.478 -13571.420  12794.259   3485.525  -3298.262   3164.454
      4.150  14161.333 -13604.403  12825.903   3485.525  -3298.262   3164.454
      4.160  14196.188 -13637.386  12857.548   3485.525  -3298.261   3164.454
      4.170  14231.044 -13670.368  12889.193   3485.524  -3298.261   3164.454
      4.180  14265.899 -13703.351  12920.837   3485.524  -3298.261   3164.453
      4.190  14300.754 -13736.334  12952.482   3485.524  -3298.261   3164.453
      4.200  14335.609 -13769.316  12984.126   3485.524  -3298.260   3164.453
      4.210  14370.465 -13802.299  13015.771   3485.523  -3298.260   3164.453
      4.220  14405.320 -13835.281  13047.415   3485.523  -3298.260   3164.452
      4.230  14440.175 -13868.264  13079.060   3485.523  -3298.260   3164.452
      4.240  14475.030 -13901.247  13110.704   3485.523  -3298.259   3164.452
      4.250  14509.885 -13934.229  13142.349   3485.522  -3298.259   3164.452
      4.260  14544.741 -13967.212  13173.993   3485.522  -3298.259   3164.451
      4.270  14579.596 -14000.194  13205.638   3485.522  -3298.259   3164.451
      4.280  14614.451 -14033.177  13237.282   3485.521  -3298.258   3164.451
      4.290  14649.306 -14066.159  13268.927   3485.521  -3298.258   3164.451
      4.300  14684.162 -14099.142  13300.571   3485.521  -3298.258   3164.450
      4.310  14719.017 -14132.125  13332.216   3485.521  -3298.258   3164.450
      4.320  14753.872 -14165.107  13363.860   3485.520  -3298.258   3164.450
      4.330  14788.727 -14198.090  13395.505   3485.520  -3298.257   3164.450
      4.340  14823.582 -14231.072  13427.149   3485.520  -3298.257   3164.449
      4.350  14858.438 -14264.055  13458.794   3485.520  -3298.257   3164.449
      4.360  14893.293 -14297.038  13490.438   3485.519  -3298.257   3164.449
      4.370  14928.148 -14330.020  13522.083   3485.519  -3298.256   3164.449
      4.380  14963.003 -14363.003  13553.727   3485.519  -3298.256   3164.448
      4.390  14997.858 -14395.985  13585.372   3485.519  -3298.256   3164.448
      4.400  15032.713 -14428.968  13617.016   3485.518  -3298.256   3164.448
      4.410  15067.569 -14461.950  13648.661   3485.518  -3298.255   3164.448
      4.420  15102.424 -14494.933  13680.305   3485.518  -3298.255   3164.447
      4.430  15137.279 -14527.915  13711.950   3485.518  -3298.255   3164.447
      4.440  15172.134 -14560.898  13743.594   3485.517  -3298.255   3164.447
      4.450  15206.989 -14593.881  13775.239   3485.517  -3298.255   3164.447
      4.460  15241.845 -14626.863  13806.883   3485.517  -3298.254   3164.446
      4.470  15276.700 -14659.846  13838.527   3485.517  -3298.254   3164.446
      4.480  15311.555 -14692.828  13870.172   3485.516  -3298.254   3164.446
      4.490  15346.410 -14725.811  13901.816   3485.516  -3298.254   3164.446
      4.500  15381.265 -14758.793  13933.461   3485.516  -3298.253   3164.445
      4.510  15416.120 -14791.776  13965.105   3485.516  -3298.253   3164.445
      4.520  15450.976 -14824.758  13996.750   3485.515  -3298.253   3164.445
      4.530  15485.831 -14857.741  14028.394   3485.515  -3298.253   3164.445
      4.540  15520.686 -14890.723  14060.039   3485.515  -3298.253   3164.444
      4.550  15555.541 -14923.706  14091.683   3485.515  -3298.252   3164.444
      4.560  15590.396 -14956.688  14123.328   3485.514  -3298.252   3164.444
      4.570  15625.251 -14989.671  14154.972   3485.514  -3298.252   3164.444
      4.580  15660.106 -15022.653  14186.616   3485.514  -3298.252   3164.444
      4.590  15694.962 -15055.636  14218.261   3485.514  -3298.251   3164.443
      4.600  15729.817 -15088.618  14249.905   3485.513  -3298.251   3164.443
      4.610  15764.672 -15121.601  14281.550   3485.513  -3298.251   3164.443
      4.620  15799.527 -15154.583  14313.194   3485.513  -3298.251   3164.443
      4.630  15834.382 -15187.566  14344.839   3485.513  -3298.251   3164.442
      4.640  15869.237 -15220.548  14376.483   3485.512  -3298.250   3164.442
      4.650  15904.092 -15253.531  14408.127   3485.512  -3298.250   3164.442
      4.660  15938.947 -15286.513  14439.772   3485.512  -3298.250   3164.442
      4.670  15973.803 -15319.496  14471.416   3485.512  -3298.250   3164.441
      4.680  16008.658 -15352.478  14503.061   3485.511  -3298.249   3164.441
      4.690  16043.513 -15385.461  14534.705   3485.511  -3298.249   3164.441
      4.700  16078.368 -15418.443  14566.349   3485.511  -3298.249   3164.441
      4.710  16113.223 -15451.426  14597.994   3485.511  -3298.249   3164.441
      4.720  16148.078 -15484.408  14629.638   3485.510  -3298.249   3164.440
      4.730  16182.933 -15517.391  14661.283   3485.510  -3298.248   3164.440
      4.740  16217.788 -15550.373  14692.927   3485.510  -3298.248   3164.440
      4.750  16252.643 -15583.356  14724.571   3485.510  -3298.248   3164.440
      4.760  16287.498 -15616.338  14756.216   3485.509  -3298.248   3164.439
      4.770  16322.354 -15649.321  14787.860   3485.509  -3298.248   3164.439
      4.780  16357.209 -15682.303  14819.505   3485.509  -3298.247   3164.439
      4.790  16392.064 -15715.286  14851.149   3485.509  -3298.247   3164.439
      4.800  16426.919 -15748.268  14882.793   3485.508  -3298.247   3164.439
      4.810  16461.774 -15781.251  14914.438   3485.508  -3298.247   3164.438
      4.820  16496.629 -15814.233  14946.082   3485.508  -3298.247   3164.438
      4.830  16531.484 -15847.216  14977.727   3485.508  -3298.246   3164.438
      4.840  16566.339 -15880.198  15009.371   3485.508  -3298.246   3164.438
      4.850  16601.194 -15913.181  15041.015   3485.507  -3298.246   3164.437
      4.860  16636.049 -15946.163  15072.660   3485.507  -3298.246   3164.437
      4.870  16670.904 -15979.145  15104.304   3485.507  -3298.245   3164.437
      4.880  16705.759 -16012.128  15135.948   3485.507  -3298.245   3164.437
      4.890  16740.614 -16045.110  15167.593   3485.506  -3298.245   3164.437
      4.900  16775.470 -16078.093  15199.237   3485.506  -3298.245   3164.436
      4.910  16810.325 -16111.075  15230.882   3485.506  -3298.245   3164.436
      4.920  16845.180 -16144.058  15262.526   3485.506  -3298.244   3164.436
      4.930  16880.035 -16177.040  15294.170   3485.505  -3298.244   3164.436
      4.940  16914.890 -16210.023  15325.815   3485.505  -3298.244   3164.435
      4.950  16949.745 -16243.005  15357.459   3485.505  -3298.244   3164.435
      4.960  16984.600 -16275.987  15389.103   3485.505  -3298.244   3164.435
      4.970  17019.455 -16308.970  15420.748   3485.505  -3298.243   3164.435
      4.980  17054.310 -16341.952  15452.392   3485.504  -3298.243   3164.435
      4.990  17089.165 -16374.935  15484.036   3485.504  -3298.243   3164.434
      5.000  17124.020 -16407.917  15515.681   3485.504  -3298.243   3164.434
      5.010  17158.875 -16440.900  15547.325   3485.504  -3298.243   3164.434
      5.020  17193.730 -16473.882  15578.969   3485.503  -3298.242   3164.434
      5.030  17228.585 -16506.864  15610.614   3485.503  -3298.242   3164.434
      5.040  17263.440 -16539.847  15642.258   3485.503  -3298.242   3164.433
      5.050  17298.295 -16572.829  15673.902   3485.503  -3298.242   3164.433
      5.060  17333.150 -16605.812  15705.547   3485.503  -3298.242   3164.433
      5.070  17368.005 -16638.794  15737.191   3485.502  -3298.241   3164.433
      5.080  17402.860 -16671.777  15768.835   3485.502  -3298.241   3164.433
      5.090  17437.715 -16704.759  15800.480   3485.502  -3298.241   3164.432
      5.100  17472.570 -16737.741  15832.124   3485.502  -3298.241   3164.432
      5.110  17507.425 -16770.724  15863.768   3485.501  -3298.241   3164.432
      5.120  17542.280 -16803.706  15895.413   3485.501  -3298.240   3164.432
      5.130  17577.135 -16836.689  15927.057   3485.501  -3298.240   3164.431
      5.140  17611.990 -16869.671  15958.701   3485.501  -3298.240   3164.431
      5.150  17646.845 -16902.653  15990.346   3485.501  -3298.240   3164.431
      5.160  17681.700 -16935.636  16021.990   3485.500  -3298.240   3164.431
      5.170  17716.555 -16968.618  16053.634   3485.500  -3298.239   3164.431
      5.180  17751.410 -17001.601  16085.278   3485.500  -3298.239   3164.430
      5.190  17786.265 -17034.583  16116.923   3485.500  -3298.239   3164.430
      5.200  17821.120 -17067.565  16148.567   3485.499  -3298.239   3164.430
      5.210  17855.975 -17100.548  16180.211   3485.499  -3298.239   3164.430
      5.220  17890.830 -17133.530  16211.856   3485.499  -3298.238   3164.430
      5.230  17925.685 -17166.513  16243.500   3485.499  -3298.238   3164.429
      5.240  17960.540 -17199.495  16275.144   3485.499  -3298.238   3164.429
      5.250  17995.395 -17232.477  16306.789   3485.498  -3298.238   3164.429
      5.260  18030.250 -17265.460  16338.433   3485.498  -3298.238   3164.429
      5.270  18065.105 -17298.442  16370.077   3485.498  -3298.238   3164.429
      5.280  18099.960 -17331.424  16401.721   3485.498  -3298.237   3164.428
      5.290  18134.815 -17364.407  16433.366   3485.498  -3298.237   3164.428
      5.300  18169.670 -17397.389  16465.010   3485.497  -3298.237   3164.428
      5.310  18204.525 -17430.372  16496.654   3485.497  -3298.237   3164.428
      5.320  18239.380 -17463.354  16528.299   3485.497  -3298.237   3164.428
      5.330  18274.235 -17496.336  16559.943   3485.497  -3298.236   3164.428
      5.340  18309.090 -17529.319  16591.587   3485.497  -3298.236   3164.427
      5.350  18343.945 -17562.301  16623.231   3485.496  -3298.236   3164.427
      5.360  18378.800 -17595.283  16654.876   3485.496  -3298.236   3164.427
      5.370  18413.655 -17628.266  16686.520   3485.496  -3298.236   3164.427
      5.380  18448.510 -17661.248  16718.164   3485.496  -3298.235   3164.427
      5.390  18483.365 -17694.230  16749.808   3485.496  -3298.235   3164.426
      5.400  18518.220 -17727.213  16781.453   3485.495  -3298.235   3164.426
      5.410  18553.075 -17760.195  16813.097   3485.495  -3298.235   3164.426
      5.420  18587.930 -17793.177  16844.741   3485.495  -3298.235   3164.426
      5.430  18622.785 -17826.160  16876.385   3485.495  -3298.235   3164.426
      5.440  18657.640 -17859.142  16908.030   3485.495  -3298.234   3164.425
      5.450  18692.495 -17892.125  16939.674   3485.494  -3298.234   3164.425
      5.460  18727.350 -17925.107  16971.318   3485.494  -3298.234   3164.425
      5.470  18762.204 -17958.089  17002.963   3485.494  -3298.234   3164.425
      5.480  18797.059 -17991.072  17034.607   3485.494  -3298.234   3164.425
      5.490  18831.914 -18024.054  17066.251   3485.494  -3298.233   3164.424
      5.500  18866.769 -18057.036  17097.895   3485.493  -3298.233   3164.424
      5.510  18901.624 -18090.019  17129.539   3485.493  -3298.233   3164.424
      5.520  18936.479 -18123.001  17161.184   3485.493  -3298.233   3164.424
      5.530  18971.334 -18155.983  17192.828   3485.493  -3298.233   3164.424
      5.540  19006.189 -18188.966  17224.472   3485.493  -3298.233   3164.424
      5.550  19041.044 -18221.948  17256.116   3485.492  -3298.232   3164.423
      5.560  19075.899 -18254.930  17287.761   3485.492  -3298.232   3164.423
      5.570  19110.754 -18287.912  17319.405   3485.492  -3298.232   3164.423
      5.580  19145.609 -18320.895  17351.049   3485.492  -3298.232   3164.423
      5.590  19180.464 -18353.877  17382.693   3485.492  -3298.232   3164.423
      5.600  19215.319 -18386.859  17414.338   3485.491  -3298.232   3164.422
      5.610  19250.173 -18419.842  17445.982   3485.491  -3298.231   3164.422
      5.620  19285.028 -18452.824  17477.626   3485.491  -3298.231   3164.422
      5.630  19319.883 -18485.806  17509.270   3485.491  -3298.231   3164.422
      5.640  19354.738 -18518.789  17540.914   3485.491  -3298.231   3164.422
      5.650  19389.593 -18551.771  17572.559   3485.490  -3298.231   3164.422
      5.660  19424.448 -18584.753  17604.203   3485.490  -3298.230   3164.421
      5.670  19459.303 -18617.736  17635.847   3485.490  -3298.230   3164.421
      5.680  19494.158 -18650.718  17667.491   3485.490  -3298.230   3164.421
      5.690  19529.013 -18683.700  17699.136   3485.490  -3298.230   3164.421
      5.700  19563.868 -18716.682  17730.780   3485.489  -3298.230   3164.421
      5.710  19598.722 -18749.665  17762.424   3485.489  -3298.230   3164.421
      5.720  19633.577 -18782.647  17794.068   3485.489  -3298.229   3164.420
      5.730  19668.432 -18815.629  17825.712   3485.489  -3298.229   3164.420
      5.740  19703.287 -18848.612  17857.357   3485.489  -3298.229   3164.420
      5.750  19738.142 -18881.594  17889.001   3485.488  -3298.229   3164.420
      5.760  19772.997 -18914.576  17920.645   3485.488  -3298.229   3164.420
      5.770  19807.852 -18947.559  17952.289   3485.488  -3298.229   3164.419
      5.780  19842.707 -18980.541  17983.933   3485.488  -3298.228   3164.419
      5.790  19877.562 -19013.523  18015.578   3485.488  -3298.228   3164.419
      5.800  19912.416 -19046.505  18047.222   3485.488  -3298.228   3164.419
      5.810  19947.271 -19079.488  18078.866   3485.487  -3298.228   3164.419
      5.820  19982.126 -19112.470  18110.510   3485.487  -3298.228   3164.419
      5.830  20016.981 -19145.452  18142.154   3485.487  -3298.228   3164.418
      5.840  20051.836 -19178.434  18173.798   3485.487  -3298.227   3164.418
      5.850  20086.691 -19211.417  18205.443   3485.487  -3298.227   3164.418
      5.860  20121.546 -19244.399  18237.087   3485.486  -3298.227   3164.418
      5.870  20156.400 -19277.381  18268.731   3485.486  -3298.227   3164.418
      5.880  20191.255 -19310.364  18300.375   3485.486  -3298.227   3164.418
      5.890  20226.110 -19343.346  18332.019   3485.486  -3298.227   3164.417
      5.900  20260.965 -19376.328  18363.664   3485.486  -3298.226   3164.417
      5.910  20295.820 -19409.310  18395.308   3485.486  -3298.226   3164.417
      5.920  20330.675 -19442.293  18426.952   3485.485  -3298.226   3164.417
      5.930  20365.530 -19475.275  18458.596   3485.485  -3298.226   3164.417
      5.940  20400.384 -19508.257  18490.240   3485.485  -3298.226   3164.417
      5.950  20435.239 -19541.239  18521.884   3485.485  -3298.226   3164.416
      5.960  20470.094 -19574.222  18553.529   3485.485  -3298.225   3164.416
      5.970  20504.949 -19607.204  18585.173   3485.484  -3298.225   3164.416
      5.980  20539.804 -19640.186  18616.817   3485.484  -3298.225   3164.416
      5.990  20574.659 -19673.168  18648.461   3485.484  -3298.225   3164.416
      6.000  20609.514 -19706.151  18680.105   3485.484  -3298.225   3164.416
      6.010  20644.368 -19739.133  18711.749   3485.484  -3298.225   3164.415
      6.020  20679.223 -19772.115  18743.393   3485.484  -3298.224   3164.415
      6.030  20714.078 -19805.097  18775.038   3485.483  -3298.224   3164.415
      6.040  20748.933 -19838.080  18806.682   3485.483  -3298.224   3164.415
      6.050  20783.788 -19871.062  18838.326   3485.483  -3298.224   3164.415
      6.060  20818.643 -19904.044  18869.970   3485.483  -3298.224   3164.415
      6.070  20853.497 -19937.026  18901.614   3485.483  -3298.224   3164.414
      6.080  20888.352 -19970.009  18933.258   3485.483  -3298.224   3164.414
      6.090  20923.207 -20002.991  18964.902   3485.482  -3298.223   3164.414
      6.100  20958.062 -20035.973  18996.547   3485.482  -3298.223   3164.414
      6.110  20992.917 -20068.955  19028.191   3485.482  -3298.223   3164.414
      6.120  21027.771 -20101.938  19059.835   3485.482  -3298.223   3164.414
      6.130  21062.626 -20134.920  19091.479   3485.482  -3298.223   3164.413
      6.140  21097.481 -20167.902  19123.123   3485.482  -3298.223   3164.413
      6.150  21132.336 -20200.884  19154.767   3485.481  -3298.222   3164.413
      6.160  21167.191 -20233.866  19186.411   3485.481  -3298.222   3164.413
      6.170  21202.046 -20266.849  19218.056   3485.481  -3298.222   3164.413
      6.180  21236.900 -20299.831  19249.700   3485.481  -3298.222   3164.413
      6.190  21271.755 -20332.813  19281.344   3485.481  -3298.222   3164.413
      6.200  21306.610 -20365.795  19312.988   3485.481  -3298.222   3164.412
      6.210  21341.465 -20398.778  19344.632   3485.480  -3298.221   3164.412
      6.220  21376.320 -20431.760  19376.276   3485.480  -3298.221   3164.412
      6.230  21411.174 -20464.742  19407.920   3485.480  -3298.221   3164.412
      6.240  21446.029 -20497.724  19439.564   3485.480  -3298.221   3164.412
      6.250  21480.884 -20530.706  19471.209   3485.480  -3298.221   3164.412
      6.260  21515.739 -20563.689  19502.853   3485.480  -3298.221   3164.411
      6.270  21550.594 -20596.671  19534.497   3485.479  -3298.221   3164.411
      6.280  21585.448 -20629.653  19566.141   3485.479  -3298.220   3164.411
      6.290  21620.303 -20662.635  19597.785   3485.479  -3298.220   3164.411
      6.300  21655.158 -20695.617  19629.429   3485.479  -3298.220   3164.411
      6.310  21690.013 -20728.600  19661.073   3485.479  -3298.220   3164.411
      6.320  21724.868 -20761.582  19692.717   3485.479  -3298.220   3164.411
      6.330  21759.722 -20794.564  19724.361   3485.478  -3298.220   3164.410
      6.340  21794.577 -20827.546  19756.006   3485.478  -3298.220   3164.410
      6.350  21829.432 -20860.528  19787.650   3485.478  -3298.219   3164.410
      6.360  21864.287 -20893.511  19819.294   3485.478  -3298.219   3164.410
      6.370  21899.141 -20926.493  19850.938   3485.478  -3298.219   3164.410
      6.380  21933.996 -20959.475  19882.582   3485.478  -3298.219   3164.410
      6.390  21968.851 -20992.457  19914.226   3485.477  -3298.219   3164.409
      6.400  22003.706 -21025.439  19945.870   3485.477  -3298.219   3164.409
      6.410  22038.561 -21058.422  19977.514   3485.477  -3298.218   3164.409
      6.420  22073.415 -21091.404  20009.158   3485.477  -3298.218   3164.409
      6.430  22108.270 -21124.386  20040.802   3485.477  -3298.218   3164.409
      6.440  22143.125 -21157.368  20072.446   3485.477  -3298.218   3164.409
      6.450  22177.980 -21190.350  20104.091   3485.476  -3298.218   3164.409
      6.460  22212.834 -21223.332  20135.735   3485.476  -3298.218   3164.408
      6.470  22247.689 -21256.315  20167.379   3485.476  -3298.218   3164.408
      6.480  22282.544 -21289.297  20199.023   3485.476  -3298.217   3164.408
      6.490  22317.399 -21322.279  20230.667   3485.476  -3298.217   3164.408
      6.500  22352.253 -21355.261  20262.311   3485.476  -3298.217   3164.408
      6.510  22387.108 -21388.243  20293.955   3485.475  -3298.217   3164.408
      6.520  22421.963 -21421.225  20325.599   3485.475  -3298.217   3164.408
      6.530  22456.818 -21454.208  20357.243   3485.475  -3298.217   3164.407
      6.540  22491.672 -21487.190  20388.887   3485.475  -3298.217   3164.407
      6.550  22526.527 -21520.172  20420.531   3485.475  -3298.216   3164.407
      6.560  22561.382 -21553.154  20452.175   3485.475  -3298.216   3164.407
      6.570  22596.237 -21586.136  20483.819   3485.475  -3298.216   3164.407
      6.580  22631.091 -21619.118  20515.464   3485.474  -3298.216   3164.407
      6.590  22665.946 -21652.101  20547.108   3485.474  -3298.216   3164.407
      6.600  22700.801 -21685.083  20578.752   3485.474  -3298.216   3164.406
      6.610  22735.656 -21718.065  20610.396   3485.474  -3298.216   3164.406
      6.620  22770.510 -21751.047  20642.040   3485.474  -3298.215   3164.406
      6.630  22805.365 -21784.029  20673.684   3485.474  -3298.215   3164.406
      6.640  22840.220 -21817.011  20705.328   3485.473  -3298.215   3164.406
      6.650  22875.075 -21849.994  20736.972   3485.473  -3298.215   3164.406
      6.660  22909.929 -21882.976  20768.616   3485.473  -3298.215   3164.406
      6.670  22944.784 -21915.958  20800.260   3485.473  -3298.215   3164.405
      6.680  22979.639 -21948.940  20831.904   3485.473  -3298.215   3164.405
      6.690  23014.493 -21981.922  20863.548   3485.473  -3298.215   3164.405
      6.700  23049.348 -22014.904  20895.192   3485.473  -3298.214   3164.405
      6.710  23084.203 -22047.886  20926.836   3485.472  -3298.214   3164.405
      6.720  23119.058 -22080.869  20958.480   3485.472  -3298.214   3164.405
      6.730  23153.912 -22113.851  20990.124   3485.472  -3298.214   3164.405
      6.740  23188.767 -22146.833  21021.768   3485.472  -3298.214   3164.404
      6.750  23223.622 -22179.815  21053.412   3485.472  -3298.214   3164.404
      6.760  23258.477 -22212.797  21085.057   3485.472  -3298.214   3164.404
      6.770  23293.331 -22245.779  21116.701   3485.472  -3298.213   3164.404
      6.780  23328.186 -22278.761  21148.345   3485.471  -3298.213   3164.404
      6.790  23363.041 -22311.744  21179.989   3485.471  -3298.213   3164.404
      6.800  23397.895 -22344.726  21211.633   3485.471  -3298.213   3164.404
      6.810  23432.750 -22377.708  21243.277   3485.471  -3298.213   3164.403
      6.820  23467.605 -22410.690  21274.921   3485.471  -3298.213   3164.403
      6.830  23502.460 -22443.672  21306.565   3485.471  -3298.213   3164.403
      6.840  23537.314 -22476.654  21338.209   3485.470  -3298.212   3164.403
      6.850  23572.169 -22509.636  21369.853   3485.470  -3298.212   3164.403
      6.860  23607.024 -22542.618  21401.497   3485.470  -3298.212   3164.403
      6.870  23641.878 -22575.601  21433.141   3485.470  -3298.212   3164.403
      6.880  23676.733 -22608.583  21464.785   3485.470  -3298.212   3164.403
      6.890  23711.588 -22641.565  21496.429   3485.470  -3298.212   3164.402
      6.900  23746.442 -22674.547  21528.073   3485.470  -3298.212   3164.402
      6.910  23781.297 -22707.529  21559.717   3485.469  -3298.212   3164.402
      6.920  23816.152 -22740.511  21591.361   3485.469  -3298.211   3164.402
      6.930  23851.007 -22773.493  21623.005   3485.469  -3298.211   3164.402
      6.940  23885.861 -22806.475  21654.649   3485.469  -3298.211   3164.402
      6.950  23920.716 -22839.457  21686.293   3485.469  -3298.211   3164.402
      6.960  23955.571 -22872.440  21717.937   3485.469  -3298.211   3164.401
      6.970  23990.425 -22905.422  21749.581   3485.469  -3298.211   3164.401
      6.980  24025.280 -22938.404  21781.225   3485.468  -3298.211   3164.401
      6.990  24060.135 -22971.386  21812.869   3485.468  -3298.211   3164.401
      7.000  24094.989 -23004.368  21844.513   3485.468  -3298.210   3164.401
      7.010  24129.844 -23037.350  21876.157   3485.468  -3298.210   3164.401
      7.020  24164.699 -23070.332  21907.801   3485.468  -3298.210   3164.401
      7.030  24199.553 -23103.314  21939.445   3485.468  -3298.210   3164.401
      7.040  24234.408 -23136.296  21971.089   3485.468  -3298.210   3164.400
      7.050  24269.263 -23169.278  22002.733   3485.468  -3298.210   3164.400
      7.060  24304.117 -23202.261  22034.377   3485.467  -3298.210   3164.400
      7.070  24338.972 -23235.243  22066.021   3485.467  -3298.209   3164.400
      7.080  24373.827 -23268.225  22097.665   3485.467  -3298.209   3164.400
      7.090  24408.681 -23301.207  22129.309   3485.467  -3298.209   3164.400
      7.100  24443.536 -23334.189  22160.953   3485.467  -3298.209   3164.400
      7.110  24478.391 -23367.171  22192.597   3485.467  -3298.209   3164.400
      7.120  24513.245 -23400.153  22224.241   3485.467  -3298.209   3164.399
      7.130  24548.100 -23433.135  22255.885   3485.466  -3298.209   3164.399
      7.140  24582.955 -23466.117  22287.529   3485.466  -3298.209   3164.399
      7.150  24617.809 -23499.099  22319.173   3485.466  -3298.208   3164.399
      7.160  24652.664 -23532.081  22350.817   3485.466  -3298.208   3164.399
      7.170  24687.519 -23565.064  22382.461   3485.466  -3298.208   3164.399
      7.180  24722.373 -23598.046  22414.105   3485.466  -3298.208   3164.399
      7.190  24757.228 -23631.028  22445.749   3485.466  -3298.208   3164.399
      7.200  24792.083 -23664.010  22477.393   3485.465  -3298.208   3164.398
      7.210  24826.937 -23696.992  22509.037   3485.465  -3298.208   3164.398
      7.220  24861.792 -23729.974  22540.681   3485.465  -3298.208   3164.398
      7.230  24896.647 -23762.956  22572.325   3485.465  -3298.207   3164.398
      7.240  24931.501 -23795.938  22603.969   3485.465  -3298.207   3164.398
      7.250  24966.356 -23828.920  22635.613   3485.465  -3298.207   3164.398
      7.260  25001.211 -23861.902  22667.257   3485.465  -3298.207   3164.398
      7.270  25036.065 -23894.884  22698.901   3485.465  -3298.207   3164.398
      7.280  25070.920 -23927.866  22730.545   3485.464  -3298.207   3164.397
      7.290  25105.775 -23960.848  22762.189   3485.464  -3298.207   3164.397
      7.300  25140.629 -23993.831  22793.833   3485.464  -3298.207   3164.397
      7.310  25175.484 -24026.813  22825.477   3485.464  -3298.207   3164.397
      7.320  25210.338 -24059.795  22857.121   3485.464  -3298.206   3164.397
      7.330  25245.193 -24092.777  22888.765   3485.464  -3298.206   3164.397
      7.340  25280.048 -24125.759  22920.409   3485.464  -3298.206   3164.397
      7.350  25314.902 -24158.741  22952.053   3485.463  -3298.206   3164.397
      7.360  25349.757 -24191.723  22983.697   3485.463  -3298.206   3164.396
      7.370  25384.612 -24224.705  23015.341   3485.463  -3298.206   3164.396
      7.380  25419.466 -24257.687  23046.985   3485.463  -3298.206   3164.396
      7.390  25454.321 -24290.669  23078.629   3485.463  -3298.206   3164.396
      7.400  25489.176 -24323.651  23110.273   3485.463  -3298.205   3164.396
      7.410  25524.030 -24356.633  23141.916   3485.463  -3298.205   3164.396
      7.420  25558.885 -24389.615  23173.560   3485.463  -3298.205   3164.396
      7.430  25593.739 -24422.597  23205.204   3485.462  -3298.205   3164.396
      7.440  25628.594 -24455.579  23236.848   3485.462  -3298.205   3164.396
      7.450  25663.449 -24488.561  23268.492   3485.462  -3298.205   3164.395
      7.460  25698.303 -24521.543  23300.136   3485.462  -3298.205   3164.395
      7.470  25733.158 -24554.525  23331.780   3485.462  -3298.205   3164.395
      7.480  25768.013 -24587.508  23363.424   3485.462  -3298.205   3164.395
      7.490  25802.867 -24620.490  23395.068   3485.462  -3298.204   3164.395
      7.500  25837.722 -24653.472  23426.712   3485.462  -3298.204   3164.395
      7.510  25872.576 -24686.454  23458.356   3485.461  -3298.204   3164.395
      7.520  25907.431 -24719.436  23490.000   3485.461  -3298.204   3164.395
      7.530  25942.286 -24752.418  23521.644   3485.461  -3298.204   3164.394
      7.540  25977.140 -24785.400  23553.288   3485.461  -3298.204   3164.394
      7.550  26011.995 -24818.382  23584.932   3485.461  -3298.204   3164.394
      7.560  26046.849 -24851.364  23616.576   3485.461  -3298.204   3164.394
      7.570  26081.704 -24884.346  23648.220   3485.461  -3298.203   3164.394
      7.580  26116.559 -24917.328  23679.864   3485.461  -3298.203   3164.394
      7.590  26151.413 -24950.310  23711.508   3485.460  -3298.203   3164.394
      7.600  26186.268 -24983.292  23743.151   3485.460  -3298.203   3164.394
      7.610  26221.122 -25016.274  23774.795   3485.460  -3298.203   3164.394
      7.620  26255.977 -25049.256  23806.439   3485.460  -3298.203   3164.393
      7.630  26290.832 -25082.238  23838.083   3485.460  -3298.203   3164.393
      7.640  26325.686 -25115.220  23869.727   3485.460  -3298.203   3164.393
      7.650  26360.541 -25148.202  23901.371   3485.460  -3298.203   3164.393
      7.660  26395.395 -25181.184  23933.015   3485.460  -3298.202   3164.393
      7.670  26430.250 -25214.166  23964.659   3485.459  -3298.202   3164.393
      7.680  26465.105 -25247.148  23996.303   3485.459  -3298.202   3164.393
      7.690  26499.959 -25280.130  24027.947   3485.459  -3298.202   3164.393
      7.700  26534.814 -25313.112  24059.591   3485.459  -3298.202   3164.393
      7.710  26569.668 -25346.094  24091.235   3485.459  -3298.202   3164.392
      7.720  26604.523 -25379.076  24122.879   3485.459  -3298.202   3164.392
      7.730  26639.378 -25412.058  24154.523   3485.459  -3298.202   3164.392
      7.740  26674.232 -25445.040  24186.166   3485.459  -3298.202   3164.392
      7.750  26709.087 -25478.022  24217.810   3485.459  -3298.201   3164.392
      7.760  26743.941 -25511.004  24249.454   3485.458  -3298.201   3164.392
      7.770  26778.796 -25543.986  24281.098   3485.458  -3298.201   3164.392
      7.780  26813.651 -25576.968  24312.742   3485.458  -3298.201   3164.392
      7.790  26848.505 -25609.950  24344.386   3485.458  -3298.201   3164.392
      7.800  26883.360 -25642.932  24376.030   3485.458  -3298.201   3164.391
      7.810  26918.214 -25675.914  24407.674   3485.458  -3298.201   3164.391
      7.820  26953.069 -25708.896  24439.318   3485.458  -3298.201   3164.391
      7.830  26987.923 -25741.878  24470.962   3485.458  -3298.201   3164.391
      7.840  27022.778 -25774.860  24502.606   3485.457  -3298.200   3164.391
      7.850  27057.633 -25807.842  24534.250   3485.457  -3298.200   3164.391
      7.860  27092.487 -25840.824  24565.893   3485.457  -3298.200   3164.391
      7.870  27127.342 -25873.806  24597.537   3485.457  -3298.200   3164.391
      7.880  27162.196 -25906.788  24629.181   3485.457  -3298.200   3164.391
      7.890  27197.051 -25939.770  24660.825   3485.457  -3298.200   3164.390
      7.900  27231.905 -25972.752  24692.469   3485.457  -3298.200   3164.390
      7.910  27266.760 -26005.734  24724.113   3485.457  -3298.200   3164.390
      7.920  27301.615 -26038.716  24755.757   3485.457  -3298.200   3164.390
      7.930  27336.469 -26071.698  24787.401   3485.456  -3298.200   3164.390
      7.940  27371.324 -26104.680  24819.045   3485.456  -3298.199   3164.390
      7.950  27406.178 -26137.662  24850.689   3485.456  -3298.199   3164.390
      7.960  27441.033 -26170.644  24882.332   3485.456  -3298.199   3164.390
      7.970  27475.887 -26203.626  24913.976   3485.456  -3298.199   3164.390
      7.980  27510.742 -26236.608  24945.620   3485.456  -3298.199   3164.390
      7.990  27545.596 -26269.590  24977.264   3485.456  -3298.199   3164.389
      8.000  27580.451 -26302.572  25008.908   3485.456  -3298.199   3164.389
      8.010  27615.306 -26335.554  25040.552   3485.455  -3298.199   3164.389
      8.020  27650.160 -26368.536  25072.196   3485.455  -3298.199   3164.389
      8.030  27685.015 -26401.518  25103.840   3485.455  -3298.198   3164.389
      8.040  27719.869 -26434.500  25135.484   3485.455  -3298.198   3164.389
      8.050  27754.724 -26467.482  25167.128   3485.455  -3298.198   3164.389
      8.060  27789.578 -26500.464  25198.771   3485.455  -3298.198   3164.389
      8.070  27824.433 -26533.446  25230.415   3485.455  -3298.198   3164.389
      8.080  27859.287 -26566.428  25262.059   3485.455  -3298.198   3164.388
      8.090  27894.142 -26599.410  25293.703   3485.455  -3298.198   3164.388
      8.100  27928.997 -26632.392  25325.347   3485.454  -3298.198   3164.388
      8.110  27963.851 -26665.374  25356.991   3485.454  -3298.198   3164.388
      8.120  27998.706 -26698.356  25388.635   3485.454  -3298.198   3164.388
      8.130  28033.560 -26731.338  25420.279   3485.454  -3298.197   3164.388
      8.140  28068.415 -26764.320  25451.922   3485.454  -3298.197   3164.388
      8.150  28103.269 -26797.302  25483.566   3485.454  -3298.197   3164.388
      8.160  28138.124 -26830.284  25515.210   3485.454  -3298.197   3164.388
      8.170  28172.978 -26863.266  25546.854   3485.454  -3298.197   3164.388
      8.180  28207.833 -26896.248  25578.498   3485.454  -3298.197   3164.387
      8.190  28242.687 -26929.230  25610.142   3485.453  -3298.197   3164.387
      8.200  28277.542 -26962.212  25641.786   3485.453  -3298.197   3164.387
      8.210  28312.396 -26995.194  25673.430   3485.453  -3298.197   3164.387
      8.220  28347.251 -27028.176  25705.073   3485.453  -3298.197   3164.387
      8.230  28382.106 -27061.158  25736.717   3485.453  -3298.196   3164.387
      8.240  28416.960 -27094.140  25768.361   3485.453  -3298.196   3164.387
      8.250  28451.815 -27127.122  25800.005   3485.453  -3298.196   3164.387
      8.260  28486.669 -27160.104  25831.649   3485.453  -3298.196   3164.387
      8.270  28521.524 -27193.086  25863.293   3485.453  -3298.196   3164.387
      8.280  28556.378 -27226.068  25894.937   3485.453  -3298.196   3164.386
      8.290  28591.233 -27259.050  25926.581   3485.452  -3298.196   3164.386
      8.300  28626.087 -27292.032  25958.224   3485.452  -3298.196   3164.386
      8.310  28660.942 -27325.013  25989.868   3485.452  -3298.196   3164.386
      8.320  28695.796 -27357.995  26021.512   3485.452  -3298.196   3164.386
      8.330  28730.651 -27390.977  26053.156   3485.452  -3298.195   3164.386
      8.340  28765.505 -27423.959  26084.800   3485.452  -3298.195   3164.386
      8.350  28800.360 -27456.941  26116.444   3485.452  -3298.195   3164.386
      8.360  28835.214 -27489.923  26148.088   3485.452  -3298.195   3164.386
      8.370  28870.069 -27522.905  26179.731   3485.452  -3298.195   3164.386
      8.380  28904.923 -27555.887  26211.375   3485.451  -3298.195   3164.385
      8.390  28939.778 -27588.869  26243.019   3485.451  -3298.195   3164.385
      8.400  28974.632 -27621.851  26274.663   3485.451  -3298.195   3164.385
      8.410  29009.487 -27654.833  26306.307   3485.451  -3298.195   3164.385
      8.420  29044.341 -27687.815  26337.951   3485.451  -3298.195   3164.385
      8.430  29079.196 -27720.797  26369.595   3485.451  -3298.194   3164.385
      8.440  29114.050 -27753.779  26401.238   3485.451  -3298.194   3164.385
      8.450  29148.905 -27786.761  26432.882   3485.451  -3298.194   3164.385
      8.460  29183.759 -27819.743  26464.526   3485.451  -3298.194   3164.385
      8.470  29218.614 -27852.725  26496.170   3485.451  -3298.194   3164.385
      8.480  29253.468 -27885.707  26527.814   3485.450  -3298.194   3164.385
      8.490  29288.323 -27918.689  26559.458   3485.450  -3298.194   3164.384
      8.500  29323.177 -27951.670  26591.101   3485.450  -3298.194   3164.384
      8.510  29358.032 -27984.652  26622.745   3485.450  -3298.194   3164.384
      8.520  29392.886 -28017.634  26654.389   3485.450  -3298.194   3164.384
      8.530  29427.741 -28050.616  26686.033   3485.450  -3298.193   3164.384
      8.540  29462.595 -28083.598  26717.677   3485.450  -3298.193   3164.384
      8.550  29497.450 -28116.580  26749.321   3485.450  -3298.193   3164.384
      8.560  29532.304 -28149.562  26780.965   3485.450  -3298.193   3164.384
      8.570  29567.159 -28182.544  26812.608   3485.449  -3298.193   3164.384
      8.580  29602.013 -28215.526  26844.252   3485.449  -3298.193   3164.384
      8.590  29636.868 -28248.508  26875.896   3485.449  -3298.193   3164.383
      8.600  29671.722 -28281.490  26907.540   3485.449  -3298.193   3164.383
      8.610  29706.577 -28314.472  26939.184   3485.449  -3298.193   3164.383
      8.620  29741.431 -28347.454  26970.828   3485.449  -3298.193   3164.383
      8.630  29776.286 -28380.436  27002.471   3485.449  -3298.193   3164.383
      8.640  29811.140 -28413.418  27034.115   3485.449  -3298.192   3164.383
      8.650  29845.995 -28446.399  27065.759   3485.449  -3298.192   3164.383
      8.660  29880.849 -28479.381  27097.403   3485.449  -3298.192   3164.383
      8.670  29915.704 -28512.363  27129.047   3485.448  -3298.192   3164.383
      8.680  29950.558 -28545.345  27160.690   3485.448  -3298.192   3164.383
      8.690  29985.413 -28578.327  27192.334   3485.448  -3298.192   3164.383
      8.700  30020.267 -28611.309  27223.978   3485.448  -3298.192   3164.382
      8.710  30055.122 -28644.291  27255.622   3485.448  -3298.192   3164.382
      8.720  30089.976 -28677.273  27287.266   3485.448  -3298.192   3164.382
      8.730  30124.831 -28710.255  27318.910   3485.448  -3298.192   3164.382
      8.740  30159.685 -28743.237  27350.553   3485.448  -3298.192   3164.382
      8.750  30194.540 -28776.219  27382.197   3485.448  -3298.191   3164.382
      8.760  30229.394 -28809.201  27413.841   3485.448  -3298.191   3164.382
      8.770  30264.249 -28842.182  27445.485   3485.448  -3298.191   3164.382
      8.780  30299.103 -28875.164  27477.129   3485.447  -3298.191   3164.382
      8.790  30333.958 -28908.146  27508.773   3485.447  -3298.191   3164.382
      8.800  30368.812 -28941.128  27540.416   3485.447  -3298.191   3164.382
      8.810  30403.667 -28974.110  27572.060   3485.447  -3298.191   3164.381
      8.820  30438.521 -29007.092  27603.704   3485.447  -3298.191   3164.381
      8.830  30473.375 -29040.074  27635.348   3485.447  -3298.191   3164.381
      8.840  30508.230 -29073.056  27666.992   3485.447  -3298.191   3164.381
      8.850  30543.084 -29106.038  27698.635   3485.447  -3298.191   3164.381
      8.860  30577.939 -29139.020  27730.279   3485.447  -3298.190   3164.381
      8.870  30612.793 -29172.002  27761.923   3485.447  -3298.190   3164.381
      8.880  30647.648 -29204.983  27793.567   3485.446  -3298.190   3164.381
      8.890  30682.502 -29237.965  27825.211   3485.446  -3298.190   3164.381
      8.900  30717.357 -29270.947  27856.854   3485.446  -3298.190   3164.381
      8.910  30752.211 -29303.929  27888.498   3485.446  -3298.190   3164.381
      8.920  30787.066 -29336.911  27920.142   3485.446  -3298.190   3164.381
      8.930  30821.920 -29369.893  27951.786   3485.446  -3298.190   3164.380
      8.940  30856.775 -29402.875  27983.430   3485.446  -3298.190   3164.380
      8.950  30891.629 -29435.857  28015.073   3485.446  -3298.190   3164.380
      8.960  30926.483 -29468.839  28046.717   3485.446  -3298.190   3164.380
      8.970  30961.338 -29501.821  28078.361   3485.446  -3298.190   3164.380
      8.980  30996.192 -29534.802  28110.005   3485.446  -3298.189   3164.380
      8.990  31031.047 -29567.784  28141.649   3485.445  -3298.189   3164.380
      9.000  31065.901 -29600.766  28173.292   3485.445  -3298.189   3164.380
      9.010  31100.756 -29633.748  28204.936   3485.445  -3298.189   3164.380
      9.020  31135.610 -29666.730  28236.580   3485.445  -3298.189   3164.380
      9.030  31170.465 -29699.712  28268.224   3485.445  -3298.189   3164.380
      9.040  31205.319 -29732.694  28299.868   3485.445  -3298.189   3164.379
      9.050  31240.174 -29765.676  28331.511   3485.445  -3298.189   3164.379
      9.060  31275.028 -29798.658  28363.155   3485.445  -3298.189   3164.379
      9.070  31309.882 -29831.639  28394.799   3485.445  -3298.189   3164.379
      9.080  31344.737 -29864.621  28426.443   3485.445  -3298.189   3164.379
      9.090  31379.591 -29897.603  28458.087   3485.444  -3298.188   3164.379
      9.100  31414.446 -29930.585  28489.730   3485.444  -3298.188   3164.379
      9.110  31449.300 -29963.567  28521.374   3485.444  -3298.188   3164.379
      9.120  31484.155 -29996.549  28553.018   3485.444  -3298.188   3164.379
      9.130  31519.009 -30029.531  28584.662   3485.444  -3298.188   3164.379
      9.140  31553.864 -30062.513  28616.306   3485.444  -3298.188   3164.379
      9.150  31588.718 -30095.495  28647.949   3485.444  -3298.188   3164.379
      9.160  31623.572 -30128.476  28679.593   3485.444  -3298.188   3164.378
      9.170  31658.427 -30161.458  28711.237   3485.444  -3298.188   3164.378
      9.180  31693.281 -30194.440  28742.881   3485.444  -3298.188   3164.378
      9.190  31728.136 -30227.422  28774.525   3485.444  -3298.188   3164.378
      9.200  31762.990 -30260.404  28806.168   3485.443  -3298.188   3164.378
      9.210  31797.845 -30293.386  28837.812   3485.443  -3298.187   3164.378
      9.220  31832.699 -30326.368  28869.456   3485.443  -3298.187   3164.378
      9.230  31867.553 -30359.350  28901.100   3485.443  -3298.187   3164.378
      9.240  31902.408 -30392.331  28932.743   3485.443  -3298.187   3164.378
      9.250  31937.262 -30425.313  28964.387   3485.443  -3298.187   3164.378
      9.260  31972.117 -30458.295  28996.031   3485.443  -3298.187   3164.378
      9.270  32006.971 -30491.277  29027.675   3485.443  -3298.187   3164.378
      9.280  32041.826 -30524.259  29059.319   3485.443  -3298.187   3164.377
      9.290  32076.680 -30557.241  29090.962   3485.443  -3298.187   3164.377
      9.300  32111.534 -30590.223  29122.606   3485.443  -3298.187   3164.377
      9.310  32146.389 -30623.204  29154.250   3485.443  -3298.187   3164.377
      9.320  32181.243 -30656.186  29185.894   3485.442  -3298.187   3164.377
      9.330  32216.098 -30689.168  29217.537   3485.442  -3298.186   3164.377
      9.340  32250.952 -30722.150  29249.181   3485.442  -3298.186   3164.377
      9.350  32285.807 -30755.132  29280.825   3485.442  -3298.186   3164.377
      9.360  32320.661 -30788.114  29312.469   3485.442  -3298.186   3164.377
      9.370  32355.515 -30821.096  29344.112   3485.442  -3298.186   3164.377
      9.380  32390.370 -30854.078  29375.756   3485.442  -3298.186   3164.377
      9.390  32425.224 -30887.059  29407.400   3485.442  -3298.186   3164.377
      9.400  32460.079 -30920.041  29439.044   3485.442  -3298.186   3164.377
      9.410  32494.933 -30953.023  29470.688   3485.442  -3298.186   3164.376
      9.420  32529.788 -30986.005  29502.331   3485.442  -3298.186   3164.376
      9.430  32564.642 -31018.987  29533.975   3485.441  -3298.186   3164.376
      9.440  32599.496 -31051.969  29565.619   3485.441  -3298.186   3164.376
      9.450  32634.351 -31084.951  29597.263   3485.441  -3298.186   3164.376
      9.460  32669.205 -31117.932  29628.906   3485.441  -3298.185   3164.376
      9.470  32704.060 -31150.914  29660.550   3485.441  -3298.185   3164.376
      9.480  32738.914 -31183.896  29692.194   3485.441  -3298.185   3164.376
      9.490  32773.768 -31216.878  29723.838   3485.441  -3298.185   3164.376
      9.500  32808.623 -31249.860  29755.481   3485.441  -3298.185   3164.376
      9.510  32843.477 -31282.842  29787.125   3485.441  -3298.185   3164.376
      9.520  32878.332 -31315.823  29818.769   3485.441  -3298.185   3164.376
      9.530  32913.186 -31348.805  29850.413   3485.441  -3298.185   3164.375
      9.540  32948.040 -31381.787  29882.056   3485.441  -3298.185   3164.375
      9.550  32982.895 -31414.769  29913.700   3485.440  -3298.185   3164.375
      9.560  33017.749 -31447.751  29945.344   3485.440  -3298.185   3164.375
      9.570  33052.604 -31480.733  29976.988   3485.440  -3298.185   3164.375
      9.580  33087.458 -31513.715  30008.631   3485.440  -3298.184   3164.375
      9.590  33122.312 -31546.696  30040.275   3485.440  -3298.184   3164.375
      9.600  33157.167 -31579.678  30071.919   3485.440  -3298.184   3164.375
      9.610  33192.021 -31612.660  30103.563   3485.440  -3298.184   3164.375
      9.620  33226.876 -31645.642  30135.206   3485.440  -3298.184   3164.375
      9.630  33261.730 -31678.624  30166.850   3485.440  -3298.184   3164.375
      9.640  33296.584 -31711.606  30198.494   3485.440  -3298.184   3164.375
      9.650  33331.439 -31744.587  30230.138   3485.440  -3298.184   3164.375
      9.660  33366.293 -31777.569  30261.781   3485.440  -3298.184   3164.374
      9.670  33401.148 -31810.551  30293.425   3485.439  -3298.184   3164.374
      9.680  33436.002 -31843.533  30325.069   3485.439  -3298.184   3164.374
      9.690  33470.856 -31876.515  30356.713   3485.439  -3298.184   3164.374
      9.700  33505.711 -31909.497  30388.356   3485.439  -3298.184   3164.374
      9.710  33540.565 -31942.478  30420.000   3485.439  -3298.183   3164.374
      9.720  33575.420 -31975.460  30451.644   3485.439  -3298.183   3164.374
      9.730  33610.274 -32008.442  30483.288   3485.439  -3298.183   3164.374
      9.740  33645.128 -32041.424  30514.931   3485.439  -3298.183   3164.374
      9.750  33679.983 -32074.406  30546.575   3485.439  -3298.183   3164.374
      9.760  33714.837 -32107.388  30578.219   3485.439  -3298.183   3164.374
      9.770  33749.692 -32140.369  30609.863   3485.439  -3298.183   3164.374
      9.780  33784.546 -32173.351  30641.506   3485.439  -3298.183   3164.374
      9.790  33819.400 -32206.333  30673.150   3485.438  -3298.183   3164.374
      9.800  33854.255 -32239.315  30704.794   3485.438  -3298.183   3164.373
      9.810  33889.109 -32272.297  30736.437   3485.438  -3298.183   3164.373
      9.820  33923.963 -32305.279  30768.081   3485.438  -3298.183   3164.373
      9.830  33958.818 -32338.260  30799.725   3485.438  -3298.183   3164.373
      9.840  33993.672 -32371.242  30831.369   3485.438  -3298.183   3164.373
      9.850  34028.527 -32404.224  30863.012   3485.438  -3298.182   3164.373
      9.860  34063.381 -32437.206  30894.656   3485.438  -3298.182   3164.373
      9.870  34098.235 -32470.188  30926.300   3485.438  -3298.182   3164.373
      9.880  34133.090 -32503.170  30957.944   3485.438  -3298.182   3164.373
      9.890  34167.944 -32536.151  30989.587   3485.438  -3298.182   3164.373
      9.900  34202.799 -32569.133  31021.231   3485.438  -3298.182   3164.373
      9.910  34237.653 -32602.115  31052.875   3485.437  -3298.182   3164.373
      9.920  34272.507 -32635.097  31084.518   3485.437  -3298.182   3164.373
      9.930  34307.362 -32668.079  31116.162   3485.437  -3298.182   3164.372
      9.940  34342.216 -32701.060  31147.806   3485.437  -3298.182   3164.372
      9.950  34377.070 -32734.042  31179.450   3485.437  -3298.182   3164.372
      9.960  34411.925 -32767.024  31211.093   3485.437  -3298.182   3164.372
      9.970  34446.779 -32800.006  31242.737   3485.437  -3298.182   3164.372
      9.980  34481.633 -32832.988  31274.381   3485.437  -3298.181   3164.372
      9.990  34516.488 -32865.970  31306.025   3485.437  -3298.181   3164.372
     10.000  34551.342 -32898.951  31337.668   3485.437  -3298.181   3164.372
      0.000      0.000      0.000      0.000      0.000      0.000      0.000
