#t x y z vx vy vz
0.00 -1.60 2.87 -1.46 -0.33 3.38 -0.43
71.43 -1.61 2.98 -1.48 -1.43 7.47 -0.36
142.86 -1.81 3.15 -1.56 -3.47 8.91 -0.93
214.29 -2.21 3.45 -1.58 -2.76 7.93 0.07
285.71 -2.45 3.80 -1.56 -4.29 8.14 -0.19
357.14 -2.88 4.17 -1.51 -6.56 7.83 0.60
428.57 -3.36 4.86 -1.63 -8.72 12.86 -2.30
500.00 -3.69 5.52 -1.80 -4.68 11.13 -2.80
571.43 -3.91 6.08 -2.00 -3.25 7.33 -1.92
642.86 -4.00 6.62 -2.14 -5.10 4.47 -1.81
714.29 -4.17 7.05 -2.21 -7.72 6.15 -0.90
785.71 -4.58 7.71 -2.53 -8.08 9.66 -6.52
857.14 -5.06 8.45 -3.15 -9.56 6.64 -9.65
928.57 -5.97 9.26 -3.70 -11.33 10.99 -9.23
1000.00 -6.74 10.23 -4.30 -6.10 10.77 -7.73
1071.43 -7.08 11.08 -4.85 -3.99 11.03 -8.51
1142.86 -7.46 12.15 -5.62 -4.76 16.83 -10.65
1214.29 -7.92 13.33 -6.42 -7.63 14.83 -11.17
1285.71 -8.65 14.47 -7.17 -9.36 16.15 -10.91
1357.14 -9.27 15.84 -7.95 -11.34 18.22 -11.25
1428.57 -9.91 17.13 -8.83 -11.02 14.19 -13.48
1500.00 -10.69 18.29 -9.82 -13.06 21.77 -14.82
1571.43 -11.43 19.75 -10.84 -11.11 23.66 -15.71
1642.86 -12.30 21.49 -11.78 -13.92 25.79 -12.70
1714.29 -13.23 23.34 -12.74 -11.98 27.12 -14.23
1785.71 -14.27 25.32 -13.75 -13.91 25.34 -15.65
1857.14 -15.33 27.26 -14.82 -17.86 27.57 -15.17
1928.57 -16.63 29.34 -15.78 -24.07 29.75 -15.03
2000.00 -18.19 31.75 -16.87 -22.37 34.77 -15.28
2071.43 -19.74 34.22 -17.99 -22.29 39.51 -16.57
2142.86 -21.33 37.04 -19.18 -17.88 40.51 -15.55
2214.29 -22.78 39.89 -20.43 -19.41 39.44 -19.05
2285.71 -24.37 42.85 -21.83 -23.43 39.09 -19.20
2357.14 -26.10 45.86 -23.16 -24.91 44.48 -19.26
2428.57 -27.69 49.09 -24.49 -23.99 44.15 -19.48
2500.00 -29.32 52.27 -25.88 -24.39 49.58 -20.19
2571.43 -31.03 55.91 -27.36 -25.09 54.31 -21.94
2642.86 -32.84 59.66 -28.78 -26.25 53.60 -19.37
2714.29 -34.83 63.57 -30.28 -26.89 55.19 -22.13
2785.71 -36.91 67.76 -31.90 -28.25 58.22 -24.09
2857.14 -39.05 72.14 -33.62 -31.52 63.53 -23.87
2928.57 -41.22 76.89 -35.40 -30.64 66.47 -27.93
3000.00 -43.31 81.92 -37.42 -30.58 73.14 -28.38
3071.43 -45.43 87.39 -39.44 -32.88 80.37 -28.07
3142.86 -47.74 93.16 -41.50 -34.03 82.40 -30.31
3214.29 -50.11 99.24 -43.67 -36.41 84.36 -30.28
3285.71 -52.92 105.55 -45.75 -39.88 90.75 -30.50
3357.14 -55.73 112.45 -47.93 -43.00 98.07 -31.60
3428.57 -58.75 119.98 -50.13 -42.76 111.13 -30.48
3500.00 -61.73 128.30 -52.28 -40.31 120.66 -30.21
3571.43 -64.77 137.33 -54.38 -42.59 132.92 -28.11
3642.86 -67.91 147.38 -56.33 -43.69 149.24 -27.66
3714.29 -70.98 158.77 -58.09 -43.45 171.40 -21.11
3785.71 -74.08 171.75 -59.26 -43.77 191.86 -10.85
3857.14 -77.09 186.70 -59.40 -36.43 227.73 10.36
3928.57 -78.65 204.37 -57.23 -5.58 264.61 57.18
4000.00 -76.84 223.06 -50.35 57.23 245.64 129.51
4071.43 -71.40 238.33 -40.10 91.53 183.06 148.32
4142.86 -64.99 249.22 -30.14 84.23 125.91 128.72
4214.29 -59.08 256.90 -21.89 74.54 90.03 103.37
4285.71 -53.87 262.41 -15.17 67.38 65.73 86.02
4357.14 -49.17 266.28 -9.71 62.89 44.94 70.88
4428.57 -44.65 268.76 -5.03 61.56 26.05 62.83
4500.00 -40.43 270.03 -0.94 58.33 8.51 52.73
4571.43 -36.39 270.16 2.72 53.23 -6.06 49.84
4642.86 -32.52 269.32 6.12 51.76 -17.48 43.29
4714.29 -28.94 267.76 9.08 52.00 -28.69 37.63
4785.71 -25.41 265.36 11.66 50.83 -40.06 32.71
4857.14 -21.88 262.04 13.98 49.59 -51.20 29.91
4928.57 -18.54 258.13 16.06 44.81 -60.43 25.89
5000.00 -15.49 253.48 17.78 42.83 -70.80 21.36
5071.43 -12.64 248.04 19.06 36.85 -80.07 14.58
5142.86 -9.85 242.07 19.89 36.76 -88.52 5.14
5214.29 -7.42 235.46 19.92 29.77 -92.79 -6.13
5285.71 -5.13 228.90 18.95 32.24 -89.49 -19.83
5357.14 -2.72 222.33 17.41 36.81 -89.53 -23.55
5428.57 -0.20 215.48 15.86 37.22 -98.98 -21.09
5500.00 2.30 207.86 14.39 35.71 -113.09 -18.38
5571.43 4.71 199.23 13.10 32.29 -129.94 -15.77
5642.86 6.72 189.08 11.69 24.19 -151.50 -20.36
5714.29 7.98 177.41 9.81 10.92 -174.89 -32.40
5785.71 8.14 163.17 6.93 -11.87 -222.75 -49.68
5857.14 4.22 144.63 1.56 -171.72 -232.84 -87.64
5928.57 -4.42 135.21 -0.77 -81.20 -73.07 -13.91
6000.00 -6.94 132.12 -0.13 24.73 -35.44 24.12
6071.43 -5.01 131.68 2.06 78.94 -0.05 48.37
6142.86 0.17 133.57 5.14 125.48 42.32 72.76
6214.29 8.26 138.26 9.62 192.54 137.17 118.50
6285.71 15.00 142.70 15.61 26.60 -56.84 -1.81
6357.14 18.46 140.29 18.30 41.25 -47.95 22.51
6428.57 21.92 137.91 20.77 40.63 -25.72 16.65
6500.00 25.71 136.34 23.67 39.63 -19.32 19.21
6571.43 29.80 134.28 26.07 40.32 -30.32 20.82
6642.86 33.45 132.27 27.93 38.90 -22.51 34.01
6714.29 37.26 130.10 30.69 37.57 -25.70 34.21
6785.71 40.48 127.72 33.08 43.10 -27.69 40.68
6857.14 43.56 125.41 35.41 40.73 -31.16 28.96
6928.57 46.44 122.80 37.32 42.08 -31.23 24.05
7000.00 49.39 120.63 39.10 37.41 -28.82 22.56
7071.43 52.44 119.02 40.71 37.97 -23.31 30.25
7142.86 55.15 117.37 42.42 33.05 -21.43 20.94
7214.29 57.66 115.68 43.75 36.47 -24.67 22.23
7285.71 60.29 114.02 45.35 32.30 -27.29 21.49
7357.14 62.79 112.07 47.03 30.53 -26.07 22.82
7428.57 65.25 110.38 48.92 30.31 -24.04 26.97
7500.00 67.53 108.65 50.73 29.54 -25.23 24.58
7571.43 69.58 106.59 52.53 28.09 -27.91 23.54
7642.86 71.50 104.59 54.10 30.75 -25.53 30.24
7714.29 73.66 102.95 55.84 28.07 -21.78 25.61
7785.71 75.39 101.25 57.13 28.62 -20.98 18.81
7857.14 77.24 100.24 58.19 30.19 -16.84 18.87
7928.57 79.47 99.19 59.30 32.89 -20.19 18.24
8000.00 81.76 97.89 60.61 36.37 -16.90 21.75
8071.43 84.30 96.97 62.22 37.31 -17.41 23.04
8142.86 86.85 95.94 63.69 37.84 -19.83 22.93
8214.29 89.54 94.67 65.76 37.71 -17.15 29.67
8285.71 92.52 93.46 68.22 40.84 -17.00 35.17
8357.14 95.22 91.99 70.57 40.24 -23.53 38.91
8428.57 98.06 90.51 73.07 37.74 -23.05 37.10
8500.00 100.54 88.91 75.16 34.57 -25.22 32.65
8571.43 103.11 87.14 77.35 32.52 -25.10 26.25
8642.86 105.53 85.42 79.26 32.61 -25.63 26.94
8714.29 108.10 83.61 81.06 31.50 -25.72 20.12
8785.71 110.19 81.63 82.68 26.95 -27.70 14.64
8857.14 112.35 79.63 84.20 33.07 -26.04 18.95
8928.57 114.67 77.81 85.81 32.88 -26.01 21.93
9000.00 117.02 76.05 87.38 31.09 -24.33 20.44
9071.43 119.03 74.05 88.73 29.23 -24.44 20.15
9142.86 121.19 72.31 90.22 30.64 -27.86 19.28
9214.29 123.12 70.42 91.61 31.72 -25.54 22.10
9285.71 125.20 68.65 92.97 31.82 -25.93 21.44
9357.14 127.34 66.86 94.30 28.93 -25.93 18.07
9428.57 129.35 64.86 95.61 27.58 -29.39 20.68
9500.00 131.39 63.35 97.40 25.43 -22.39 24.17
9571.43 133.32 61.98 99.00 27.21 -17.42 27.17
9642.86 135.29 60.78 100.81 29.31 -13.72 24.79
9714.29 137.21 59.58 102.54 29.06 -14.79 22.09
9785.71 139.65 58.54 104.52 31.98 -18.22 24.98
9857.14 142.19 57.51 106.54 36.11 -16.44 26.00
9928.57 144.65 56.21 108.44 36.88 -17.59 30.18
10000.00 147.21 54.88 110.61 38.22 -20.00 31.76
10071.40 149.67 53.38 112.77 36.01 -21.96 31.70
10142.90 152.05 51.92 115.00 31.32 -19.89 34.95
10214.30 154.34 50.63 117.48 33.25 -17.84 32.50
10285.70 156.42 49.15 119.64 33.40 -18.51 32.08
10357.10 158.47 47.68 121.54 34.13 -16.86 29.95
10428.60 160.55 46.02 123.26 34.08 -19.38 24.35
10500.00 162.71 44.46 124.85 29.66 -26.35 20.37
10571.40 165.00 42.56 125.97 32.67 -31.36 18.11
10642.90 167.02 40.52 127.21 30.98 -31.03 17.14
10714.30 169.16 38.70 128.18 29.37 -29.80 17.69
10785.70 171.15 36.77 129.56 25.54 -23.41 18.37
10857.10 173.13 35.45 131.23 26.32 -20.21 18.44
10928.60 175.18 33.98 133.08 30.87 -17.12 24.18
11000.00 177.51 32.60 135.03 32.18 -16.93 27.26
11071.40 179.84 31.32 137.27 30.63 -20.36 26.93
11142.90 181.98 29.70 139.06 29.80 -21.86 28.91
11214.30 184.15 27.89 140.97 29.88 -22.40 28.89
11285.70 186.21 26.31 142.64 29.42 -18.12 28.59
11357.10 188.46 24.79 144.64 29.61 -22.48 27.92
